0.00264542936288 0.00267313019391 0.997368421053 -0.00725485329461 -0.00721710789512 -0.00725485329461 -0.00721710789512 80181 585 91
0.00264542936288 0.00267313019391 0.997368421053 -0.00725485329461 -0.00721710789512 -0.00725485329461 -0.00721710789512 84181 532 87
0.00264542936288 0.00267313019391 0.997368421053 -0.00725485329461 -0.00721710789512 -0.00725485329461 -0.00721710789512 88181 462 78
0.00264542936288 0.00267313019391 0.997368421053 -0.00725485329461 -0.00721710789512 -0.00725485329461 -0.00721710789512 92181 427 71
0.00264542936288 0.00267313019391 0.997368421053 -0.00725485329461 -0.00721710789512 -0.00725485329461 -0.00721710789512 96181 397 68
0.00264542936288 0.00267313019391 0.997368421053 -0.00725485329461 -0.00721710789512 -0.00725485329461 -0.00721710789512 100181 355 64
0.00285318559557 0.00296398891967 0.990099009901 -0.00736154528911 -0.00720765066466 -0.00736154528911 -0.00720765066466 104181 263 43
0.00336565096953 0.00365650969529 0.965367965368 -0.00670592813054 -0.00629284864968 -0.00670592813054 -0.00629284864968 108181 164 31
0.00646814404432 0.00729916897507 0.958236658933 -0.00457409921886 -0.00388473406588 -0.00457409921886 -0.00388473406588 112181 78 19
0.155512465374 0.232174515235 0.725174449812 0.149067079502 0.21689656855 0.149067079502 0.21689656855 116181 1 7
1.0 1.0 0.0 1.0 1.0 1.0 1.0 120181 1 0
1.0 1.0 0.0 1.0 1.0 1.0 1.0 124181 1 0
0.0462880886427 0.0609141274238 0.887061799783 0.0340910617278 0.0490590701824 0.0340910617278 0.0490590701824 128181 70 12
0.0169390581717 0.0214265927978 0.892138063279 0.00639369789258 0.0104067501714 0.00639369789258 0.0104067501714 132181 191 30
0.00382271468144 0.00419667590028 0.951171875 -0.00547465378944 -0.00502566568227 -0.00547465378944 -0.00502566568227 136181 250 47
0.00328254847645 0.00357340720222 0.964444444444 -0.00618948505616 -0.00581010891303 -0.00618948505616 -0.00581010891303 140181 324 58
0.00328254847645 0.00357340720222 0.964444444444 -0.00618948505616 -0.00581010891303 -0.00618948505616 -0.00581010891303 144181 370 62
