0.467518355029 0.520094815549 0.273910009679 0.544413944199 0.583638363502 0.176869067741 0.202397396569 0.207794595846 0.234918550767 70181 231 64
0.0492939507229 0.0702389532003 0.810749432248 0.0300352529713 0.0464906908377 0.0180656889095 0.0391571851608 0.0298317259492 0.047351964589 72181 212 63
0.00778118102788 0.00935768659069 0.89243697479 -6.19710449171e-05 0.00285771063915 -0.00649912645441 -0.0053441762164 -0.00523261838438 -0.00393495506933 74181 269 79
0.0049322102608 0.00574298455025 0.848178137652 -0.00308269880648 -0.00167226485805 -0.00543734434361 -0.00471613266189 -0.00492787350453 -0.00408994754159 76181 287 81
0.00312485924057 0.00351898563128 0.951581027668 -0.00429077499871 -0.00347378376087 -0.00742967047522 -0.00673999642038 -0.00421155991754 -0.00389485886057 78181 298 80
0.00250551776947 0.00284334039007 0.955990220049 -0.00596785019899 -0.00527254246941 -0.00636820195679 -0.00603994702619 -0.00447758303841 -0.00449113492987 80181 304 80
0.00205508760867 0.00219021665691 0.964285714286 -0.0058393207149 -0.00538791334313 -0.00729489621728 -0.00722103279978 -0.00369304461336 -0.00367780789031 82181 349 93
0.00180735102022 0.00187491554434 0.974440894569 -0.00678527420522 -0.00661680443298 -0.00714533015125 -0.00731756591296 -0.00329751020754 -0.00322714869916 84181 382 105
0.001683482726 0.00169474348002 0.998322147651 -0.00639186102132 -0.00634948030817 -0.00725485329461 -0.00721710789512 -0.00315794340803 -0.00312718899852 86181 396 113
0.00169474348002 0.00171163461105 0.993311036789 -0.00652423166408 -0.00652538359768 -0.00725485329461 -0.00721710789512 -0.00311861559188 -0.00305910349725 88181 372 108
0.00169474348002 0.00171163461105 0.993311036789 -0.00652423166408 -0.00652538359768 -0.00725485329461 -0.00721710789512 -0.00311861559188 -0.00305910349725 90181 355 104
0.00171163461105 0.00173415611909 0.993333333333 -0.00670495134829 -0.00674753825577 -0.00725485329461 -0.00721710789512 -0.0030506084636 -0.00296615690753 92181 325 92
0.00189180667537 0.0019593711995 0.98623853211 -0.00626024163577 -0.00607780868062 -0.00736154528911 -0.00720765066466 -0.00310469475559 -0.00298147502275 94181 263 74
0.00209450024774 0.00222962929598 0.964985994398 -0.00626072551688 -0.00602959566831 -0.00738572916041 -0.00719039210004 -0.00296345667261 -0.0027915112032 96181 219 64
0.00234786721319 0.00255056078555 0.968513853904 -0.00558496717028 -0.00518857444235 -0.00670592813054 -0.00629284864968 -0.00303758710972 -0.00293031142304 98181 164 50
0.00356402864736 0.0040369803162 0.958047945205 -0.00504098993084 -0.00449091372418 -0.00598055816022 -0.00544833338573 -0.00286297495638 -0.00248851142681 100181 133 41
0.00518557722625 0.00581617945138 0.962660443407 -0.003783023329 -0.00296863535983 -0.00457409921886 -0.00388473406588 -0.00184904505451 -0.00131004056841 102181 78 26
0.0323183640377 0.0422785009684 0.893599334996 0.0267714036767 0.0398806932314 0.0133732436348 0.0214592312761 0.0188752923352 0.0272207250726 104181 30 13
1.0 1.0 0.0 1.0 1.0 1.0 1.0 1.0 1.0 106181 1 0
1.0 1.0 0.0 1.0 1.0 1.0 1.0 1.0 1.0 108181 1 0
1.0 1.0 0.0 1.0 1.0 1.0 1.0 1.0 1.0 110181 1 0
1.0 1.0 0.0 1.0 1.0 1.0 1.0 1.0 1.0 112181 1 0
1.0 1.0 0.0 1.0 1.0 1.0 1.0 1.0 1.0 114181 1 0
1.0 1.0 0.0 1.0 1.0 1.0 1.0 1.0 1.0 116181 1 0
1.0 1.0 0.0 1.0 1.0 1.0 1.0 1.0 1.0 118181 1 0
1.0 1.0 0.0 1.0 1.0 1.0 1.0 1.0 1.0 120181 1 0
1.0 1.0 0.0 1.0 1.0 1.0 1.0 1.0 1.0 122181 1 0
1.0 1.0 0.0 1.0 1.0 1.0 1.0 1.0 1.0 124181 1 0
1.0 1.0 0.0 1.0 1.0 1.0 1.0 1.0 1.0 126181 1 0
1.0 1.0 0.0 1.0 1.0 1.0 1.0 1.0 1.0 128181 1 0
1.0 1.0 0.0 1.0 1.0 1.0 1.0 1.0 1.0 130181 1 0
1.0 1.0 0.0 1.0 1.0 1.0 1.0 1.0 1.0 132181 1 0
1.0 1.0 0.0 1.0 1.0 1.0 1.0 1.0 1.0 134181 1 0
0.986639115355 0.993305481735 4.32356400028e-05 0.999948984797 0.999948984797 0.953035454288 0.980411159275 0.958615018059 0.983220120802 136181 10 4
0.0478019008153 0.0655094365119 0.855219862399 0.0340910617278 0.0490590701824 0.0125994778743 0.0244878047282 0.0105196165983 0.0183133320738 138181 70 27
0.0148641953065 0.0184057024458 0.913043478261 0.0114581660715 0.0156969134169 -0.00435376972601 -0.0026633829367 -0.00226735708795 -0.000150259852251 140181 141 59
0.0104330885996 0.0131131480564 0.896485623003 0.00639369789258 0.0104067501714 -0.00469717798332 -0.00346836864501 -0.00309606492925 -0.00150061959718 142181 191 73
0.00340637809108 0.00387932975992 0.942549371634 -0.0026040236633 -0.00160537036817 -0.00757278278715 -0.00741746916547 -0.00613210100953 -0.00600640553346 144181 221 97
0.00230845457412 0.00251114814648 0.967948717949 -0.00547465378944 -0.00502566568227 -0.00771103323332 -0.00761301424039 -0.00413691932471 -0.00398544219881 146181 250 108
0.00201004459259 0.0021282825098 0.976811594203 -0.00606671422607 -0.00568986143597 -0.00737027610214 -0.00738733504915 -0.00375386276921 -0.00365661912628 148181 283 121
0.00199878383857 0.00211702175578 0.97667638484 -0.00618948505616 -0.00581010891303 -0.00737027610214 -0.00738733504915 -0.00371245839261 -0.00361856047448 150181 324 134
0.00199878383857 0.00211702175578 0.97667638484 -0.00618948505616 -0.00581010891303 -0.00737027610214 -0.00738733504915 -0.00371245839261 -0.00361856047448 152181 369 147
0.00199878383857 0.00211702175578 0.97667638484 -0.00618948505616 -0.00581010891303 -0.00737027610214 -0.00738733504915 -0.00371245839261 -0.00361856047448 154181 370 147
