0.416509136736 0.456860136759 0.248264692272 0.176869067741 0.202397396569 0.176869067741 0.202397396569 70181 231 58
0.0489392984667 0.0735373054214 0.80974325214 0.0297175216684 0.0464906908377 0.0297175216684 0.0464906908377 72181 212 57
0.0078881654181 0.00947513360872 0.932947019868 -0.00581507681861 -0.00457929113542 -0.00581507681861 -0.00457929113542 74181 269 71
0.00514597773577 0.00612616397115 0.918575063613 -0.00543734434361 -0.00471613266189 -0.00543734434361 -0.00471613266189 76181 287 73
0.0036990361502 0.00411911596537 0.957912457912 -0.00742967047522 -0.00667625962571 -0.00742967047522 -0.00667625962571 78181 298 75
0.00319727414875 0.00351233401013 0.950787401575 -0.00609905734385 -0.00544660757117 -0.00609905734385 -0.00544660757117 80181 304 75
0.00271884991482 0.00283553875236 0.980176211454 -0.00729489621728 -0.00722103279978 -0.00729489621728 -0.00722103279978 82181 349 87
0.00253214777474 0.00262549884478 0.990610328638 -0.00714533015125 -0.00731756591296 -0.00714533015125 -0.00731756591296 84181 382 99
0.00242712782095 0.00245046558846 0.997584541063 -0.00664304912957 -0.00661095353828 -0.00664304912957 -0.00661095353828 86181 396 108
0.00245046558846 0.00248547223973 0.990384615385 -0.00678315496216 -0.00679700982349 -0.00678315496216 -0.00679700982349 88181 372 104
0.00245046558846 0.00248547223973 0.990384615385 -0.00678315496216 -0.00679700982349 -0.00678315496216 -0.00679700982349 90181 355 100
0.00248547223973 0.00253214777474 0.99043062201 -0.0069740129772 -0.00703179911511 -0.0069740129772 -0.00703179911511 92181 325 88
0.00263716772854 0.00273051879857 0.990990990991 -0.00662567807867 -0.00650600183672 -0.00662567807867 -0.00650600183672 94181 263 72
0.00289388317114 0.00303390977619 0.966666666667 -0.00639479153491 -0.00632330585399 -0.00639479153491 -0.00632330585399 96181 219 62
0.00312726084623 0.00337230740507 0.96875 -0.00592912588655 -0.00568093916336 -0.00592912588655 -0.00568093916336 98181 164 49
0.00429414922169 0.00480758010689 0.94674556213 -0.00561373344963 -0.00509519931548 -0.00561373344963 -0.00509519931548 100181 133 40
0.00588111741231 0.00672127704264 0.961538461538 -0.003783023329 -0.00296863535983 -0.003783023329 -0.00296863535983 102181 78 26
0.032381152419 0.0419146304465 0.875808538163 0.0133732436348 0.0214592312761 0.0133732436348 0.0214592312761 104181 30 13
1.0 1.0 0.0 1.0 1.0 1.0 1.0 106181 1 0
1.0 1.0 0.0 1.0 1.0 1.0 1.0 108181 1 0
1.0 1.0 0.0 1.0 1.0 1.0 1.0 110181 1 0
1.0 1.0 0.0 1.0 1.0 1.0 1.0 112181 1 0
1.0 1.0 0.0 1.0 1.0 1.0 1.0 114181 1 0
1.0 1.0 0.0 1.0 1.0 1.0 1.0 116181 1 0
1.0 1.0 0.0 1.0 1.0 1.0 1.0 118181 1 0
1.0 1.0 0.0 1.0 1.0 1.0 1.0 120181 1 0
1.0 1.0 0.0 1.0 1.0 1.0 1.0 122181 1 0
1.0 1.0 0.0 1.0 1.0 1.0 1.0 124181 1 0
1.0 1.0 0.0 1.0 1.0 1.0 1.0 126181 1 0
1.0 1.0 0.0 1.0 1.0 1.0 1.0 128181 1 0
1.0 1.0 0.0 1.0 1.0 1.0 1.0 130181 1 0
1.0 1.0 0.0 1.0 1.0 1.0 1.0 132181 1 0
1.0 1.0 0.0 1.0 1.0 1.0 1.0 134181 1 0
0.980804686224 0.990373170902 9.05447170175e-05 0.953035454288 0.980411159275 0.953035454288 0.980411159275 136181 10 4
0.0525333146631 0.076407850825 0.8207491952 0.0125994778743 0.0244878047282 0.0125994778743 0.0244878047282 138181 70 27
0.013407547434 0.0166164904665 0.914904330312 -0.00435376972601 -0.0026633829367 -0.00435376972601 -0.0026633829367 140181 141 55
0.00919508039861 0.011505519382 0.892215568862 -0.00469717798332 -0.00346836864501 -0.00469717798332 -0.00346836864501 142181 191 69
0.00359401619641 0.00387406940652 0.972602739726 -0.00757278278715 -0.00741746916547 -0.00757278278715 -0.00741746916547 144181 221 93
0.00294055870615 0.003185605265 0.966666666667 -0.00771103323332 -0.00761301424039 -0.00771103323332 -0.00761301424039 146181 250 104
0.00271884991482 0.00285887651987 0.979910714286 -0.00737027610214 -0.00738733504915 -0.00737027610214 -0.00738733504915 148181 283 116
0.00271884991482 0.00285887651987 0.979910714286 -0.00737027610214 -0.00738733504915 -0.00737027610214 -0.00738733504915 150181 324 127
0.00271884991482 0.00285887651987 0.979910714286 -0.00737027610214 -0.00738733504915 -0.00737027610214 -0.00738733504915 152181 369 138
0.00271884991482 0.00285887651987 0.979910714286 -0.00737027610214 -0.00738733504915 -0.00737027610214 -0.00738733504915 154181 370 138
