0.00248750122537 0.00251200862661 0.997524752475 -0.00712655077847 -0.00709764755366 -0.00712655077847 -0.00709764755366 80181 585 113
0.00248750122537 0.00251200862661 0.997524752475 -0.00712655077847 -0.00709764755366 -0.00712655077847 -0.00709764755366 84181 532 105
0.00248750122537 0.00251200862661 0.997524752475 -0.00712655077847 -0.00709764755366 -0.00712655077847 -0.00709764755366 88181 462 99
0.00248750122537 0.00251200862661 0.997524752475 -0.00712655077847 -0.00709764755366 -0.00712655077847 -0.00709764755366 92181 427 92
0.00248750122537 0.00251200862661 0.997524752475 -0.00712655077847 -0.00709764755366 -0.00712655077847 -0.00709764755366 96181 397 90
0.00248750122537 0.00251200862661 0.997524752475 -0.00712655077847 -0.00709764755366 -0.00712655077847 -0.00709764755366 100181 355 85
0.0026467993334 0.00274482893834 0.990566037736 -0.00667729158893 -0.0063076371113 -0.00667729158893 -0.0063076371113 104181 263 58
0.00305117145378 0.00322272326243 0.966244725738 -0.00634698803277 -0.0061106780924 -0.00634698803277 -0.0061106780924 108181 164 38
0.00632290951867 0.00735222037055 0.931623931624 -0.00399247568661 -0.00279460169099 -0.00399247568661 -0.00279460169099 112181 78 22
0.144311832173 0.214206940496 0.701766474568 0.119533857586 0.17567617968 0.119533857586 0.17567617968 116181 1 6
1.0 1.0 0.0 1.0 1.0 1.0 1.0 120181 1 0
1.0 1.0 0.0 1.0 1.0 1.0 1.0 124181 1 0
0.0588790314675 0.0800534261347 0.794477654426 0.0329282126128 0.0453297853918 0.0329282126128 0.0453297853918 128181 70 16
0.0255122046858 0.0354377021861 0.802465233881 0.00412402292358 0.00760855111192 0.00412402292358 0.00760855111192 132181 191 35
0.0041785119106 0.00479119694148 0.960443037975 -0.00501229992559 -0.00410747954705 -0.00501229992559 -0.00410747954705 136181 250 55
0.00336976766984 0.00381090089207 0.950980392157 -0.00606500422639 -0.00532221162232 -0.00606500422639 -0.00532221162232 140181 324 65
0.0033452602686 0.00378639349083 0.950592885375 -0.00609232367267 -0.00533298874326 -0.00609232367267 -0.00533298874326 144181 370 71
