0.00249945400277 0.00253585381834 0.990196078431 -0.00717977542222 -0.00720077958099 -0.00717977542222 -0.00720077958099 80181 585 108
0.00249945400277 0.00253585381834 0.990196078431 -0.00717977542222 -0.00720077958099 -0.00717977542222 -0.00720077958099 84181 532 101
0.00249945400277 0.00253585381834 0.990196078431 -0.00717977542222 -0.00720077958099 -0.00717977542222 -0.00720077958099 88181 462 90
0.00249945400277 0.00253585381834 0.990196078431 -0.00717977542222 -0.00720077958099 -0.00717977542222 -0.00720077958099 92181 427 81
0.00249945400277 0.00253585381834 0.990196078431 -0.00717977542222 -0.00720077958099 -0.00717977542222 -0.00720077958099 96181 397 78
0.00249945400277 0.00253585381834 0.990196078431 -0.00717977542222 -0.00720077958099 -0.00717977542222 -0.00720077958099 100181 355 74
0.0027785192555 0.0029241185178 0.963800904977 -0.00723194183284 -0.0071642262811 -0.00723194183284 -0.0071642262811 104181 263 52
0.0033002499454 0.00359144846999 0.96875 -0.00702449789033 -0.00670551149713 -0.00702449789033 -0.00670551149713 108181 164 34
0.00668543279381 0.00759542818316 0.935353535354 -0.00334365400979 -0.00253497703336 -0.00334365400979 -0.00253497703336 112181 78 21
0.0739765585188 0.106202528574 0.779045879936 0.0511587967813 0.081826810207 0.0511587967813 0.081826810207 116181 1 8
1.0 1.0 0.0 1.0 1.0 1.0 1.0 120181 1 0
1.0 1.0 0.0 1.0 1.0 1.0 1.0 124181 1 0
0.0390570021112 0.0497342813463 0.911517367459 0.0178211210002 0.0280381029396 0.0178211210002 0.0280381029396 128181 70 16
0.0156761872407 0.0197772331287 0.924755120214 -0.00289148246446 8.82045099491e-05 -0.00289148246446 8.82045099491e-05 132181 191 42
0.00360358174185 0.00404037952874 0.954873646209 -0.00647270453638 -0.00577728298907 -0.00647270453638 -0.00577728298907 136181 250 64
0.00272998616807 0.00282705234293 0.990950226244 -0.00706197717266 -0.00695423909237 -0.00706197717266 -0.00695423909237 140181 324 74
0.00272998616807 0.00282705234293 0.990950226244 -0.00706197717266 -0.00695423909237 -0.00706197717266 -0.00695423909237 144181 370 78
